1410
8398
8503
6303
785
9705
6551
4347
1363
1982
2733
2728
2362
7517
8348
3613
1647
4835
3865
1546
4209
4225
3920
2458
7385
4377
3938
8401
8958
501
1498
4456
6628
4372
3581
8162
8832
5777
1391
9961
358
9233
9202
9370
4659
697
1401
2058
2535
9722
6922
7828
4970
7498
9330
512
5551
8288
7443
1441
725
4300
7896
8474
2954
2224
234
7550
8123
4159
3515
7476
6311
9297
4271
739
898
3744
4986
5136
2916
4610
5860
7905
6561
9059
8761
1148
5508
9646
3598
5697
2852
4648
1806
8592
9913
7401
8178
7897
9687
519
1839
5183
5289
3649
5944
7367
729
3829
8820
6003
7580
9631
1115
3365
7947
7999
235
3138
7915
806
9063
9829
94
2556
2206
813
1315
1152
4473
2965
8504
6557
8430
3549
768
1190
4210
4570
8799
3358
4220
4631
3314
1734
9844
3429
7387
7044
7242
711
9162
5068
1058
7699
9896
6270
5421
1333
6253
7819
7972
7974
7809
1637
2414
5060
8255
7571
7344
8687
6230
2078
7300
1248
1401
3018
1250
3237
822
4868
4442
413
4212
4629
644
6701
213
8240
9471
4765
1259
3262
3814
1394
8903
3203
9265
5384
188
9996
3975
3979
1186
7960
880
3794
6919
8176
5833
73
1264
2708
4001
8330
3725
2340
2544
9687
1914
5304
1816
9863
5841
3180
8163
299
4509
4027
588
2027
6826
4038
2473
3889
4920
9489
4470
2978
9359
9339
7421
4196
9820
8713
6273
9345
5001
733
8747
8391
4746
1304
555
8360
3652
8121
5008
4645
7640
7296
4690
3378
3901
1332
1516
518
412
8478
6600
7570
5460
9216
8307
4779
430
101
4655
4998
8140
7557
1479
2319
3290
1029
2541
4133
3382
1082
4015
517
6715
7720
2233
2530
7081
7403
9988
6446
145
3473
9707
5544
2556
8802
3518
2210
7307
2253
3967
2445
6969
464
3610
2931
1069
5779
4002
1697
8124
8962
5862
2287
651
3173
1731
8782
7650
5086
627
3005
9308
6399
1955
5447
6826
3381
2658
6572
5015
2901
3941
2010
8710
2673
9239
9385
3704
8358
2798
2336
4331
4981
5097
3751
4924
2237
5669
7578
3372
7010
6671
9142
8000
5196
8900
7267
1938
4990
7364
6830
1253
5008
1524
8674
5830
6028
7251
627
8463
642
8468
1446
5717
2936
3994
6416
9361
6994
5395
4346
7739
8266
3179
3902
4401
6987
1153
832
3672
8576
3494
908
6058
164
3010
7432
3805
2325
1408
949
7317
6923
2154
5272
3935
4431
5839
1231
9486
7129
3105
6082
9811
2730
5003
5032
3301
1842
9183
4515
4928
5567
830
937
873
7140
1329
2719
1072
145
1524
820
46
2532
5250
9800
3374
4172
2844
6520
7016
102
850
9414
3512
2279
8500
6617
989
4228
466
9710
5646
9248
2912
346
3095
3667
9397
1709
9473
2660
7651
2116
3679
2835
3345
8108
836
7301
4307
5022
4850
1805
9211
9115
1854
5060
9881
7429
3760
5188
6478
6567
5942
6727
6270
1522
3319
7847
6052
4246
1493
4721
3455
5113
1852
3851
3482
7159
2999
9502
2250
7830
8385
3298
7584
516
7097
1253
5550
63
1823
6680
278
4545
3340
3526
622
1670
3470
6418
8848
5964
3264
1740
7086
3398
5096
5951
4819
9404
6985
9962
2692
8371
7673
9785
7909
8597
1373
5183
8952
5388
6833
5682
8400
9632
2148
3011
3043
3018
3039
9145
7694
5220
9078
9609
531
1488
9287
8244
846
194
5888
7933
8053
3418
8733
9317
4349
6514
1231
5733
7769
4128
5768
7896
3454
5576
7874
9378
402
3794
1743
8176
4402
6723
3435
2893
8099
4011
7598
6159
5008
5514
7534
8620
1554
1311
1122
6572
9246
1615
3713
5948
6567
6462
7480
6492
9973
7181
6618
5350
4830
7201
8402
7035
2128
5580
7300
3116
9744
9354
8977
3234
6941
1769
6313
6314
2734
3558
9115
5281
3258
3728
8120
3639
4374
9707
5606
2339
152
6676
3024
867
8395
6700
4474
3902
1803
8739
5539
9785
1888
1362
7299
6114
5752
5076
2708
8620
7677
8242
9277
8567
710
7290
120
1995
5944
363
7781
4817
1069
6736
1448
3646
1629
8342
6526
3453
8201
3324
2221
7992
1063
2662
6105
2931
4871
7182
9666
629
5891
4103
3403
643
7493
2911
1798
379
6083
3297
8522
3034
726
2932
4743
8026
5033
2116
8752
3932
8652
9659
7094
7806
6935
7931
6838
9353
9340
9835
6681
2073
7301
891
554
9113
4045
5621
148
7019
2235
9890
169
1410
296
3782
4495
6636
5249
3994
2676
1023
9513
7412
2627
4702
2758
5957
4431
8023
4683
9551
6924
4429
6710
8624
6349
6878
880
8895
7047
2576
8242
3314
2085
4716
8711
8330
6997
2103
7868
9691
560
5065
4339
3852
470
5564
7895
8119
9095
3907
9162
4478
4927
4516
5802
9483
1225
6404
9331
769
3204
317
5566
1828
7923
4654
9798
7682
1613
767
2187
5613
8677
6016
5344
9686
9301
1949
8590
2023
9107
8432
1244
5180
3670
67
8966
4959
7025
896
3770
3039
1693
7175
4722
157
6550
4251
5547
1507
4876
7257
5316
6785
8777
3510
6434
661
7618
1748
8240
5062
8983
3185
2228
2110
5860
6125
1933
6577
9722
7829
4568
6190
2776
2225
9586
7937
2930
3670
4488
3762
4276
1064
5530
7518
6832
2096
7902
4991
4275
4470
4016
4219
8517
5116
4087
6182
31
838
5315
4581
471
4793
6195
7408
55
1583
6515
6243
1724
6548
8098
5266
9546
9521
1313
8230
5373
498
7031
6408
8426
8438
3810
5656
868
6819
1641
2266
8122
195
5548
8302
1037
4175
2397
7035
7104
5190
2679
376
2600
4218
5964
6455
7283
4535
2366
285
2997
9697
1427
3170
989
9033
1547
8786
7974
5499
7117
7661
5177
5799
8717
1921
2960
4618
9227
5394
9893
5545
165
9652
8393
4922
7084
5093
5889
2078
7235
2537
1227
9759
6372
1762
9038
1554
4446
140
8543
4312
3641
1731
5936
2535
5561
2722
1091
9440
2448
4409
7932
4685
1038
9930
5796
921
1812
2400
5498
3675
6567
5052
2196
8880
1263
1005
5363
4997
2431
4411
676
1566
4751
9457
1779
7382
5716
9205
8170
2883
5490
2308
7560
7573
8184
7743
4300
1531
9945
5900
9280
2401
4731
7131
4499
9546
8312
8278
1087
6935
3010
5299
8937
9473
9204
3561
2678
2712
3139
1005
1066
504
8131
8648
5708
3861
8998
1494
6038
4052
2159
2574
7849
885
8021
2505
813
1360
7491
1441
7781
2955
6540
4471
9585
5349
9915
6913
5037
4386
8873
3006
8871
3748
5864
9591
1358
9586
2956
868
1862
8743
9337
1432
8695
9354
9464
3547
981
998
8467
290
7371
2613
8848
3980
3089
4126
1962
3371
9004
7031
9594
6798
5492
4185
7973
1751
161
1823
6639
9533
1151
7226
1741
8160
7776
9205
9128
6181
9568
3423
9469
6413
9636
9002
9522
3958
6556
8847
9187
5389
9911
4124
6330
7262
1270
6412
9117
3579
8521
1521
4385
8757
6917
8576
7821
7417
4375
5800
9417
970
5234
4689
7861
7863
9268
5774
2278
9304
3446
6126
1627
7355
5539
8900
9646
981
2864
609
7878
3431
25
5515
1945
4447
8285
6012
5582
4503
4463
8554
3024
9631
3758
6126
6703
2482
5246
611
4513
2599
5093
3101
8966
6503
1970
5476
3369
2597
9335
3883
5026
9775
3095
4145
3864
9568
1914
6820
7236
2799
6398
7532
5872
7719
8168
1755
3839
9572
8696
7791
7174
4119
6666
8546
1032
5926
3641
3631
2895
2867
9198
6560
5238
775
3686
2520
3876
5387
3505
2858
4642
1507
5111
4645
1902
4376
9941
9100
3448
80
5765
2726
6521
9019
3196
4527
5268
2573
908
969
4741
3859
6506
9139
3941
4260
8394
2787
4560
9989
5542
7955
2509
6473
6878
6758
4476
2964
9
4038
4591
1738
1001
1131
799
3384
6381
3161
3135
6270
5456
9687
2557
9480
2366
7031
6661
8824
6135
7479
4464
2914
6876
5763
6969
3060
1638
7045
8944
5119
1655
7163
4104
3542
4680
6402
3259
3922
2401
3924
5245
5631
1463
8012
2509
3975
9135
306
9032
8025
9409
3735
5448
2470
1384
2862
8266
7640
1301
2853
4398
1918
3347
4319
4599
456
6982
4448
7393
3692
9581
516
834
5923
1910
8956
9705
8580
7344
2278
8371
298
6844
4952
9245
932
9277
6792
5172
1961
7486
9915
7528
469
6979
7704
7759
1365
6247
1192
1349
5131
2452
2877
2449
990
8754
7388
8451
6962
9894
5816
7674
6559
732
3437
3426
2545
2079
3797
8106
8011
4309
7674
6628
200
7928
5593
7333
9824
303
6719
6188
8291
9451
5235
2144
6325
941
3471
8289
710
7909
6604
3057
7052
437
4010
9292
1168
9316
5273
5746
8466
2494
951
6741
8218
5128
5478
941
1708
1058
3848
1689
2599
4998
938
4769
2538
6428
9018
5479
7251
4928
6007
4571
1414
7147
8612
925
2486
3453
5688
7629
6691
3805
8133
2255
8144
1879
4882
4411
1199
2164
1463
8576
6668
9928
5205
4537
6339
8260
6560
2151
399
9115
6299
6685
687
8146
7390
763
8695
5617
4613
9314
8801
5174
1240
3351
9646
6792
7346
3043
2589
4409
7937
1126
4325
5365
9258
6923
6371
1127
1334
5511
2635
3675
3740
2267
2557
2430
3500
8089
9510
6849
3878
4
560
1261
6981
9888
631
80
5275
936
8792
9717
2697
8894
7752
2114
7771
9245
7630
5515
1391
2810
846
8116
8480
1641
3123
3955
2499
5116
1064
5556
2605
2598
116
5766
3327
6446
8384
6195
6063
2655
149
8285
1668
9644
487
3619
9598
6577
4264
1507
6159
964
954
1369
6890
2442
8117
2710
3686
3975
7601
5084
6303
813
7329
6709
8970
4805
3228
2755
3331
1068
745
5267
5445
2468
3078
5259
7093
9180
949
3826
1243
6410
2484
4815
1677
9956
9031
1529
9690
3182
9172
4781
2896
8717
9883
334
3707
2986
3024
1367
6843
355
6087
6956
9328
5627
4826
9103
7077
9602
7242
2766
2614
4319
2975
8921
3487
4601
4910
7089
9762
549
1190
9308
5765
986
5047
6405
758
3616
6544
7425
1179
7895
7363
5564
5402
5524
55
4050
3106
3302
7801
3769
1637
3335
3137
9915
2034
7326
940
7586
3203
1793
9163
5068
7120
4631
9975
1999
4605
7915
8623
2629
2151
4973
9633
792
9991
3107
2369
7785
8304
3421
56
5609
1115
614
4555
7243
620
9190
5415
4593
2848
3013
8806
6786
8517
3337
6033
3166
9831
4416
3251
2024
4803
9881
4965
5538
8569
8701
3307
1415
5171
5419
4090
4385
9724
4273
1924
1994
1119
4519
9842
1600
5853
7797
8764
9314
1706
1380
6936
5911
7349
8834
3837
1038
3618
8207
7619
975
7126
1557
7226
5921
3119
452
1043
8949
8157
1547
4990
7071
464
4467
2017
1204
1967
4677
7633
3231
1074
2860
1856
1390
7053
4085
5204
4218
666
8099
528
7652
9906
3247
1521
7642
2039
6732
5367
2152
1889
1656
7726
6428
307
1455
6712
2754
857
6506
72
2974
5617
4293
6942
6904
2323
2398
730
4096
3245
7304
2879
4195
6432
6719
4837
9223
2785
7862
8426
5280
4845
1549
6407
4293
3708
4143
4859
4044
5040
55
2630
5106
6970
7794
5444
4631
5657
271
2292
6214
3121
4371
1827
6514
9380
8250
7914
8651
5439
2808
5009
8304
1316
5661
6670
1583
4063
4902
9406
7000
1047
5776
5007
9119
2499
7752
7080
1696
8758
9998
2661
621
3496
3256
6130
5539
7267
1411
7011
4699
855
8244
239
7916
8090
5596
2183
6061
4704
3370
3318
7528
6194
3322
9270
3787
7150
7147
4236
8792
1963
8751
4082
1435
9207
9515
4848
5468
6096
4062
6198
8698
1867
1599
5879
1384
6468
9358
4181
8628
8850
4381
3302
6658
8054
5336
2624
9815
8480
8175
5654
9313
30
7748
7807
980
9378
8959
1615
9599
7711
2640
6932
1645
4944
3900
559
7240
3669
4280
2621
1592
9419
5508
274
9368
6822
4174
1777
9689
1389
4535
7769
2465
2547
5347
495
3867
6941
6010
2100
4914
5221
7707
8276
1416
4346
5888
9387
5440
482
2893
7123
2252
5533
9922
958
2944
3223
9856
9100
3941
5209
6008
7178
522
1757
9391
3463
133
5900
4638
4452
3303
5125
6933
616
8014
5773
7584
7613
7060
8302
3569
6138
7396
6062
749
4462
3965
6476
7171
9446
7311
1320
3878
5355
66
9488
9708
683
2901
2883
6176
8210
5188
3940
6370
2036
7987
3341
7598
6266
5352
8765
2217
2135
6885
1872
7911
2694
2930
505
4826
4162
393
2174
9589
7201
3723
3376
3647
5854
2400
5494
3363
1746
9788
325
1172
3614
6877
8062
366
6423
5392
8180
5224
414
5315
4856
5653
219
4821
9395
9417
4006
8474
3679
5065
5489
2235
3010
811
3765
3562
4953
2205
2760
8594
6557
9089
1816
1773
340
1238
1927
6848
5622
2386
2306
4657
1338
667
9023
2825
2845
1317
2899
3140
3455
4501
4542
2564
5370
708
8964
3622
8239
64
1768
2108
4431
2444
9831
4617
1394
552
1438
9932
168
2027
1752
5924
8602
8188
1656
1521
4524
9025
8704
6491
3393
526
8060
3500
1259
8911
2238
1416
4526
4273
2295
2221
3215
9370
2478
5605
8702
5449
944
6360
8269
824
9220
735
7436
2350
9401
6883
7715
6385
3071
4484
9035
7368
6175
7302
9017
5055
8056
4101
2056
4276
2295
8937
2162
2462
2754
8276
2938
4317
6417
3368
3913
1916
9817
2983
6164
851
9638
4914
9270
25
8309
5698
6767
3671
172
6261
8409
5704
9942
6384
2018
9692
398
5444
8587
1404
7239
1883
7308
2743
581
8273
4337
3387
6860
9455
6102
1184
9188
1570
4506
8846
8741
58
1619
3391
9397
6943
8142
2830
9387
5294
6512
6510
1615
8338
5103
6536
5152
2861
1894
9149
9825
2437
5817
2202
9761
5020
7557
6585
5077
4967
8642
7251
965
2032
41
9043
5584
8519
3564
678
1884
2179
6214
6495
4222
4566
6065
9095
5330
751
2285
2993
2520
8489
419
2155
8187
3249
8199
4481
1167
757
3651
5964
6710
263
8822
200
3135
5137
1640
6483
4605
9170
2136
8240
6927
8806
2229
9820
4017
3220
4981
2664
6542
4242
8373
6468
2431
6067
4670
8317
1381
8720
6240
3886
4607
7092
750
3522
7768
9680
5158
1337
3089
1120
5322
2520
982
5797
8272
9515
704
1073
6130
406
1847
8914
1395
6025
865
2485
6575
7281
2443
892
8542
8347
7378
8970
9109
1684
4638
2378
5160
5853
5933
7536
2400
9146
1640
6759
4053
4456
5604
6826
9064
4222
487
5246
7856
621
3732
956
63
353
8629
1725
7104
3706
5108
6894
1759
1956
6710
4578
6260
9617
244
2567
8126
9065
1720
8064
6728
6456
9760
9618
1259
8709
7906
6491
1744
323
6605
8924
2960
961
8727
9783
1066
1164
6648
2195
8512
964
8962
8188
990
1803
9692
7816
7559
6218
1945
2100
2270
8590
4090
6525
4815
1920
5453
3067
6296
8898
3951
584
327
7844
4197
8766
7697
3159
4515
5997
4443
4649
6488
2988
7161
2863
6022
9560
513
8145
561
5928
9595
6654
1876
4672
2711
4672
6874
2212
5755
9227
7775
9140
6024
47
4004
886
7112
861
9561
7682
1094
6983
1130
2438
9673
2783
8713
7850
2110
9185
2420
3886
322
3453
2082
6095
2105
6972
6847
7288
4638
9860
2593
5381
4007
6
3351
6179
6115
7189
5613
7956
3603
6705
2014
8174
6147
3137
7959
7315
9268
6080
4772
699
6807
7870
3417
701
8119
5926
5375
4685
9716
7200
329
8047
9160
9005
6514
2969
2167
9152
1188
2695
8440
3772
5559
3944
4426
8520
4037
6198
453
2384
9702
1363
2031
6901
5565
222
9959
5236
2462
8485
5729
1523
7642
5109
8670
3304
9801
8044
9303
7732
1042
448
9767
45
5738
7288
2019
841
1894
744
3254
8118
1375
2346
9645
3286
4690
1080
1291
8072
4880
8262
8538
9586
5065
9547
3071
2762
368
8929
6760
6020
7626
1778
7349
9813
5577
7138
6465
6519
1040
1468
2523
6469
2754
516
4933
5158
7179
1884
1064
5174
9690
9106
8226
6464
3161
1447
7821
8248
8123
3978
4141
420
2385
3906
1334
3627
7145
5387
4936
1254
9028
183
8088
9251
8083
2438
1340
1416
9421
6336
4946
804
5262
5727
1533
2225
495
5530
6318
3430
1471
1868
3883
6473
5067
20
8446
66
3727
1669
3005
4874
3769
797
3985
3058
4710
3282
8037
2640
3931
2392
8141
3092
9058
3376
592
6889
4031
5963
9796
9816
4382
5260
5669
9494
4763
6587
9649
941
7646
7653
7107
104
8481
5329
3610
9719
6207
8813
3877
2323
1642
599
5181
1307
6553
9
6399
221
1341
1995
4196
8065
3662
8444
4495
2671
8022
5339
1107
1617
2170
9951
7118
3298
6545
1943
3686
5558
5778
7804
6031
931
6766
7762
2038
5629
2327
1757
477
6160
7132
7233
8386
4310
2130
7281
6222
4440
1392
3257
9320
2049
6359
5239
3571
4511
1580
5492
9563
5890
7188
6705
7719
2055
1595
9772
8731
7614
2432
5042
334
6678
2401
1630
290
43
4702
6768
1237
614
220
6281
5779
1187
5753
7650
9446
4112
1063
6300
6619
3745
3400
290
6162
5968
4692
5178
8978
4929
4201
5515
7702
9332
9791
7929
5320
1604
1206
3723
1961
3084
9055
3854
4170
2905
8709
2018
7546
9563
5302
4418
300
2053
849
5233
4083
4340
8078
6160
6557
6652
7460
252
4090
9645
3339
2708
2584
3108
7759
3336
6701
8687
5597
7068
2495
3545
2349
348
691
9683
2524
9163
4960
3715
1429
7092
8735
4246
1580
1185
6018
4849
2247
1113
4654
7317
3609
1875
5414
4641
2859
9065
4645
8289
4489
2233
7624
8276
391
2245
6550
2844
3918
4250
1340
5007
7400
8461
3657
490
643
4001
1987
7540
9685
5942
1269
8080
1676
9835
2246
4573
2992
996
5318
5224
72
2630
6775
3537
3286
2207
9750
651
320
915
2852
7932
5772
