8922
8734
9742
4116
861
2862
5799
9359
8231
5953
7698
3077
1122
8579
9456
4951
136
8523
1760
5068
8906
1485
4449
9793
9421
6812
7864
906
1678
1136
8589
1546
5654
4303
8976
7211
1913
2780
5545
6474
2777
6809
9309
818
231
345
5852
2147
633
3863
9640
8671
6263
5469
1120
5089
7936
3970
9322
106
1641
9506
2383
4393
2437
4923
4239
1990
8001
7618
1958
9116
8198
7776
6023
4129
7105
1485
4580
1507
1519
9191
144
7040
6370
9375
9739
2690
1281
7888
6781
4597
1419
1357
3166
1302
4188
3429
9553
8778
456
9062
4833
9289
4292
7083
164
565
4644
3603
1500
8635
5455
4176
6044
5844
574
2664
296
1752
2500
876
2165
8912
2824
499
6351
3126
6861
1938
4393
2411
6722
1002
8703
8405
1861
4846
488
3075
6339
4879
5336
8575
3883
1414
3617
1935
4976
8317
7849
7911
3053
8282
6758
6078
1170
5481
8486
7019
5053
5525
8540
8797
5972
8963
6580
4036
1375
1612
2952
2767
3859
148
2699
3667
2056
571
6370
3028
6988
8960
9331
2067
9520
5325
341
2084
528
9475
7655
1259
9088
6819
9068
4867
9362
4549
7156
715
9396
3337
5303
2349
8247
6120
6362
8139
7290
5301
1571
8040
5428
8806
1065
8593
5217
5737
3989
2054
2676
805
6149
8649
3418
750
2943
2114
6495
4164
803
940
7194
6505
1913
3136
6563
5309
5209
2076
1206
2168
7065
1919
6239
3603
8705
1955
8548
6867
4154
6184
9586
275
3973
3865
7344
1165
4329
813
5584
7348
8900
3885
8068
497
4194
4621
3901
9577
267
8472
7902
8567
71
8428
7951
6395
4237
8303
4637
1310
7705
2925
5967
6433
2859
7375
5156
5697
3980
7834
9000
1017
332
7953
1318
5637
3143
2071
2726
6030
8646
2373
4359
9142
3441
7428
4536
7650
2
5464
8161
4879
2709
6522
5327
9394
9227
720
8604
8048
5118
7834
2396
8855
7535
2796
2227
5783
8283
1283
309
5361
1788
1206
2182
2954
9436
9163
3679
1195
2356
5074
3106
7449
6658
8018
1509
3548
2249
2958
666
286
5970
7108
287
1330
6065
7074
577
5534
4274
4069
8876
8774
4338
4623
8861
5494
2714
4932
3112
2636
7062
1490
2789
2976
1252
6154
229
3409
7208
9167
7875
2542
1501
8234
5078
3309
8437
7431
8691
331
6625
3600
9391
7345
3676
4
2145
4287
9089
7476
8854
4648
7038
4458
1391
6857
5568
9030
8661
2823
7613
2118
8668
980
3569
9009
9845
6078
8528
5104
3549
8356
475
6969
5235
8342
6541
9226
5815
8264
2549
1263
1518
3682
750
1408
6690
7047
6729
7417
7846
1904
3420
6007
151
8565
9460
5020
1854
5191
4022
9152
2083
9917
1316
3828
8683
4664
8907
7571
9505
9909
6152
1800
1683
1791
2283
4438
547
3343
3427
3432
6814
977
3673
2294
4554
452
8841
144
9848
1661
3067
9082
2297
1320
8656
3189
7292
6781
1176
2021
6165
4827
8624
132
8058
8100
984
8562
8007
4196
5187
7207
337
1310
5944
7719
4215
9477
8965
4209
2053
7349
739
1524
7570
8956
804
5487
3898
2376
7577
1683
2742
1373
6576
6
8230
6211
4667
7607
2256
2506
1772
4329
3922
5547
5724
5375
3300
3565
9371
9650
665
9905
6065
8866
8676
9738
5299
2678
2056
7548
1697
4897
3095
3936
5949
6708
4908
2209
6038
2186
5508
8950
9154
5875
4214
5068
8154
4177
3716
7696
9295
2505
8009
1926
2506
7478
738
9880
5873
8192
1450
5726
9990
5779
1310
3703
6505
2080
6639
5890
4446
8845
3845
6171
8457
153
8512
5973
5926
7872
4106
624
6341
6039
4569
3432
2770
8853
7905
970
7891
9503
5093
3539
8586
958
1821
8486
7306
3102
7668
6234
39
9654
7177
4030
2278
8799
2405
234
9651
8802
92
7923
5282
6019
6940
2074
6829
9252
1203
7075
1132
3271
6493
6285
8082
9524
6298
1794
5236
1123
5790
4572
3108
1079
5858
9490
3164
7288
3689
8302
4279
4714
6077
8829
4345
4959
2119
8434
8990
7926
3981
1047
3760
4862
1317
4017
9874
475
1928
3790
8153
7475
6770
3886
5035
470
7830
1084
4879
1688
5470
5815
804
5053
7232
8593
814
4367
5485
3763
8171
3727
1603
5371
115
5014
7266
4387
2222
3110
5515
8671
159
5154
8515
9443
8062
198
7960
9902
3940
5236
971
9991
3087
4765
219
6403
2229
6921
7699
3632
1686
2995
6841
7746
7802
1843
3847
8935
2457
6121
1686
3112
2425
4995
1686
30
4786
6571
7771
4223
7710
3040
82
9316
6316
8400
7985
5160
7843
5679
2588
2143
4131
5958
3043
8512
4952
1755
4009
2497
7976
456
4207
5597
9788
4395
9375
6069
8363
5466
3861
7008
881
2832
4231
5488
5166
88
2230
467
5675
6885
428
4866
7896
1580
5957
3626
9489
6623
9323
6868
1615
1687
7753
4115
8314
6877
7681
1962
6892
965
3993
1639
6625
1271
9231
5136
7131
7339
8062
2425
769
9809
329
2351
647
4570
4964
419
8697
8006
2434
4070
6626
8987
4680
270
9577
430
7936
2498
6762
4370
811
520
6259
3466
1838
5560
9317
2476
2797
5693
2570
3813
2469
6824
7158
1779
1202
8096
3365
1394
2241
1978
3332
9958
9424
5280
8604
7762
9138
5377
7465
8915
7006
3670
8986
2637
7127
236
2177
9904
7895
2355
3625
8821
8628
1346
8103
3467
2404
884
7768
4664
813
7795
9162
3838
1541
3343
3128
7085
6488
8731
781
3918
1752
7493
5562
1235
2287
5648
8466
5353
8560
6704
2818
2071
3515
4865
8606
7606
3679
516
583
1036
5737
4710
8344
1494
9211
1471
8272
3874
7320
2884
1434
166
2108
826
2039
6545
7577
1528
5614
1084
7420
1879
6282
7437
8845
8777
9297
8104
8645
8659
3396
3777
4330
4632
9570
2034
3142
2099
9832
7749
1494
1696
4819
5552
1230
1160
3910
5291
2762
8776
8727
2126
1407
4909
2835
5515
1871
2221
6162
1605
171
1381
7573
4220
6804
9643
748
3382
4458
2175
6644
3036
5397
7203
2685
7486
2498
8148
3850
8004
8005
8899
1474
226
6237
8885
7107
6278
3013
5107
4678
2674
5110
9919
349
7056
4938
4820
7001
4055
1355
5960
7897
5385
7722
4785
5756
966
316
2688
9864
8753
7534
319
5843
6268
5034
6371
4478
7074
7122
2702
9217
3905
4040
8068
2113
19
1600
8951
6702
6199
7853
657
6826
6545
8024
7037
8900
6122
6960
595
2562
3813
5067
9838
6253
2976
90
4540
54
3203
1962
7953
7543
7256
8663
1288
3860
1527
3883
8504
8991
2540
9428
7518
3819
4375
6932
6413
9593
608
1506
79
14
5701
9166
5446
534
9730
9585
7763
9473
5596
5730
1602
587
2058
5141
6080
5706
960
7087
2074
5680
8233
3572
8612
2384
6416
81
5619
7166
9579
3862
8280
2799
9669
9547
633
1728
4151
7443
2061
9138
5666
6382
5683
6498
5067
1448
1072
2055
3379
5151
1859
7349
5682
8994
9879
2638
2352
6532
7732
7112
9568
6416
2562
970
3801
9671
3820
9472
6609
3684
7821
4766
9960
1889
1049
4432
4623
7011
5674
5936
4980
863
2774
5585
7915
2448
793
8600
2730
7137
7589
635
1841
7956
1794
4049
8052
2981
115
4905
1510
8729
9911
1943
2932
416
1928
1673
3195
2713
452
1880
2871
1701
9542
5897
457
6099
7617
7475
7523
1979
3960
5867
595
3446
9564
8475
5819
8138
8994
7041
2441
2788
5120
5123
9512
2238
37
6977
2017
3200
5874
3379
303
3682
617
2177
5278
2511
2304
1921
6351
8710
4770
5019
9563
7962
7506
7945
5393
2490
1741
3482
6798
9210
2395
6741
3912
3600
8305
4411
727
1419
2903
7941
7168
9788
5345
7245
7840
7337
3244
7016
4081
9015
263
4144
4524
2709
2331
8512
5835
8184
2104
841
1577
2912
2301
5714
5529
2185
8883
5308
4496
6285
4679
1315
2048
7463
4451
4128
9858
5171
4232
3851
9854
6913
282
7070
3290
9785
8360
7525
1789
1928
7398
8562
7695
3704
4681
8765
7551
4526
5214
3416
7792
6236
855
256
3425
8791
6467
3295
1512
403
7289
9583
9594
3306
6673
9241
2409
8219
2015
8251
4474
7391
2141
4328
66
3639
7427
7482
5245
3266
3798
3571
4011
7787
4906
6224
7864
5166
4773
3454
6678
283
882
4119
9368
7891
8031
197
5117
2271
2756
1879
8104
2193
1183
993
4328
2210
7920
6445
1545
1770
4622
5456
1734
9038
8693
328
2632
6531
2349
9249
6656
4752
1992
3383
3997
34
7687
9605
3179
9242
3129
732
2344
1185
7954
5087
8500
5435
8276
1547
4196
3177
5868
9940
4019
7240
811
2027
8246
5096
8079
4156
570
2263
878
2739
4621
4171
1343
3822
7269
1310
821
750
9393
8787
4216
4151
5754
5512
9745
8567
3733
1268
5394
5091
2568
7663
3136
8957
8038
5393
4415
5938
3321
8578
4152
8751
6107
3473
761
6820
8545
3361
8857
3169
7093
9501
7510
5645
9422
9883
3629
9109
1246
7662
3798
4641
7624
9350
1161
3346
8587
8003
9296
824
3040
6167
6219
3120
8012
2393
6042
4475
2402
4709
8763
2889
6536
4768
6592
2916
996
2634
1212
2330
8868
1772
4250
3554
4631
3937
7113
4959
1770
3121
3080
242
6915
9401
6058
6585
4436
5702
438
390
1532
8703
3631
6987
1376
2483
9018
8977
2945
5303
9393
6728
9930
9666
6611
5097
1097
2180
4037
631
5783
6048
6074
5460
6518
4683
7914
7839
6486
6541
1858
9674
355
3524
2375
2490
543
1079
3080
2873
1944
4616
8176
1381
69
3107
6565
4891
6562
3667
80
6686
8725
756
2025
1009
685
7459
6510
1461
4583
5297
4207
5195
6860
726
266
7131
6330
8979
8366
5741
1388
2336
7246
8997
6249
7508
1732
1180
5607
1538
5375
8889
2105
6192
3978
8846
3180
4147
5098
6271
9722
327
7316
845
2169
9707
5097
4769
2356
2265
3248
2052
7971
3794
62
3002
5657
1688
8212
7488
4778
5669
9252
5275
7719
5257
7025
7647
6280
833
8163
2833
9172
5042
2916
6340
7648
726
7066
5679
418
7709
8417
7008
9424
5028
2452
1994
1834
6803
1400
1370
9857
4640
8294
4632
7282
1922
8018
8248
4547
4304
6012
7599
9241
3063
2035
6323
4068
2906
7809
572
7224
6740
6279
1831
5256
5753
4949
8905
5952
2362
1830
271
4335
3464
8102
3396
3551
9263
2993
8813
7107
3364
9434
5390
6125
7978
8452
6543
3977
5389
6785
2985
2841
9345
9220
619
6077
5541
2581
489
6270
1409
1633
4291
7288
7263
3466
1844
7842
230
7906
4257
2123
7088
832
3921
2067
7518
8029
1500
6003
8050
5070
1084
7146
4329
8334
3328
8629
3131
3686
8704
5577
1163
492
6058
2464
1658
1174
2219
3630
4600
9097
8233
8831
1594
6371
317
1360
6935
9632
9166
5062
3484
5549
408
7038
4096
4535
5740
1154
7057
7135
7809
9381
2573
4108
9400
8652
7341
4861
5341
7368
6108
6810
2073
4356
3621
4469
9668
5303
8554
1939
6360
6519
1265
5921
7906
8955
2953
3780
9185
1770
7642
449
6192
1269
1802
9446
4992
9374
9468
4403
2798
8212
4803
2216
6165
2796
8165
6381
9228
653
523
9000
5664
5992
6292
3646
5036
7683
4664
3865
2804
1776
6666
802
5682
4430
7111
3308
8583
9276
8540
9101
3971
3077
4996
7497
8416
9917
7518
3932
4649
678
3629
5460
6632
5951
6585
9113
1340
7642
3394
730
4489
73
7461
4214
1930
9524
5656
8771
657
7257
9743
6350
3103
7904
4913
1183
6096
8346
7876
168
7261
5110
5428
8651
5845
783
707
1685
8837
5061
6603
4459
836
6167
1855
1263
6876
8586
3919
2927
1378
6169
7434
8570
3095
1545
7214
1152
983
3783
4651
4709
1646
4592
2437
3041
314
7580
2744
9383
3244
5320
518
4912
6728
3471
7420
1956
1340
3525
899
4372
7102
208
9842
5750
3933
3971
1360
9230
729
776
6423
8102
5183
4841
580
2506
2557
4586
555
7794
612
2135
7560
4221
6507
3766
3456
7910
5103
5241
5734
8486
7448
2514
3497
4358
2311
5347
474
750
2588
2337
4636
5487
6820
836
996
9546
4304
1710
4416
5451
9841
4613
4452
9861
2191
4783
8223
9243
888
857
7148
2328
7717
468
1541
924
6824
9420
9937
9236
2402
4534
4766
325
1602
1670
1274
5844
8360
3162
1515
1957
7911
2503
7695
5534
1400
2606
3021
1479
9355
9002
170
8272
7273
4840
7160
7534
6117
7780
7897
1700
2449
3980
7825
9067
2652
9763
5817
4366
41
6884
1776
7172
6395
3905
5388
4378
5036
1655
2110
2556
5293
9423
9124
9008
7736
7460
2792
96
6385
7484
1973
3410
8059
294
1449
4133
6902
4638
1510
9274
2982
1375
9667
6797
6224
2934
4400
4590
189
4078
4886
1
4817
6190
5197
8718
9157
1099
7975
5813
8048
9563
585
7042
6740
7000
5914
3368
4757
940
8052
6318
8308
7551
9912
1715
4554
4443
1182
1839
7280
3080
1194
3463
3771
7929
7577
5484
6693
5857
395
4385
9078
5475
6011
9416
7026
4566
7849
4024
5388
9121
6296
1980
8984
840
6483
8331
2717
6803
8059
5151
9721
247
7132
7556
8079
5300
9166
2575
2684
603
5446
7465
328
8089
9228
6263
7111
7412
4408
9703
1247
1440
3958
2281
3059
2639
1976
6183
9790
5523
9386
4883
9692
8577
5761
2764
5298
8212
3965
5692
3694
8203
3582
4544
7385
7792
3922
6469
2280
8470
4204
9948
9282
9566
8513
1161
5628
9430
5547
7630
1840
7503
1424
9695
9020
9497
61
5698
5287
2973
7292
3413
254
6631
774
4395
5373
8654
1201
3268
8473
1361
7753
1016
4890
4911
2749
9456
7093
8563
8657
5618
5975
714
3025
6551
7247
3827
6325
7434
2210
5667
4959
2799
7106
9393
7569
1181
5816
4308
9004
5993
4638
1063
7508
7425
1753
6790
1279
8866
6372
1561
1132
1639
2648
58
3552
9598
2903
1203
8043
9432
1064
8041
4329
3725
5068
895
3157
3290
6319
121
2232
7833
8522
3022
9983
5626
6182
2504
3355
9347
2299
6924
9505
2849
4646
2160
9041
442
2793
5326
2804
6593
940
2452
4351
949
6241
7476
8021
6023
5141
8847
3912
2246
5842
7225
3951
3032
6386
2537
4756
3255
7262
5872
388
181
8933
947
2761
6222
2856
4022
8869
5065
2946
5671
164
6794
4484
1620
7012
1463
350
9739
4385
6341
5466
1532
8025
9998
6387
9308
8686
3729
9859
1225
5994
5623
8697
3093
7660
973
1497
545
4752
7443
2846
2567
4925
6160
1931
6308
4664
3151
6575
9392
2343
4794
2694
4571
9583
2689
4732
4950
3982
4551
6252
9227
4693
6842
9319
6955
5101
7501
1665
626
251
9763
6725
2424
8910
9322
9832
9830
6452
6178
107
3331
8604
601
9370
8827
7815
660
9729
1563
568
459
1374
7211
5610
5570
6178
5848
6305
7120
8226
765
3304
3182
9482
5005
4890
3533
6384
7232
1228
5604
3238
1096
3383
8261
7497
3166
8099
3563
1255
9550
4799
835
3421
7036
6366
2387
9214
9521
4667
2619
9632
9574
877
7575
5409
5740
8085
9582
5239
2901
7028
426
9780
7474
9114
9332
760
2986
3081
3387
961
4916
1240
8433
4541
6002
6739
2562
4864
8906
784
4498
3809
5761
4044
1586
6190
8758
3332
2687
5584
857
4400
3031
6170
8310
6777
9336
8475
7906
1563
2295
1763
993
1622
9466
8466
7313
7247
7347
9083
6
5651
5017
5623
2819
9675
2708
6390
1762
2234
7413
4673
7136
9332
560
7403
9624
6841
5287
5686
2490
1391
7764
2081
9000
1998
8050
3391
1661
7284
4569
8819
4842
1033
1876
8711
6702
9965
4753
5548
4274
8477
5028
972
7854
1124
2824
1259
3067
3694
3747
2988
6406
7320
6021
7472
9518
7075
3757
6393
5530
1832
6440
3628
4922
3541
7943
6053
5752
2341
8187
4933
1242
1230
9600
6246
7736
1620
7411
6415
4820
4699
3970
1554
1259
9353
3726
1731
1030
7338
7055
4852
6157
1373
3013
4795
1081
9532
6838
309
772
5209
7736
5491
4752
9555
5469
3667
7024
5736
9590
730
1639
5572
3334
2476
5915
5944
3364
5262
70
6998
2572
8595
9561
3081
8387
9187
5724
881
8340
7626
8294
5132
9196
6812
6
6656
1695
2022
5084
1588
6692
9776
2231
4719
4340
3070
268
488
6058
4678
447
956
9176
3516
6994
2510
1622
6024
6023
3465
5063
2841
2243
1617
7290
4579
3073
3240
1529
3380
6159
1788
9058
7301
3897
1309
256
1148
6673
9981
805
1678
6792
960
710
4961
7292
8322
8515
2031
3165
4760
7057
982
5949
4158
6262
6333
6676
5456
1569
5905
5469
1764
1939
5118
9089
3268
2190
4489
766
8602
3704
8442
4339
2533
7196
3671
8459
9400
909
4091
7027
1313
520
165
4458
5238
1509
5597
4916
5451
7817
3649
4634
4657
3836
8446
9938
7928
5890
2746
1591
2773
4680
4190
2213
4623
3852
6769
2451
2291
1337
9344
1613
8984
782
1610
7180
9117
5834
4439
4149
4622
4007
1624
8379
9461
6736
6217
1
12
7135
2787
9472
5601
2439
959
2017
147
715
6837
7432
7273
3434
8194
9310
8594
6568
4824
3545
1991
4858
1695
218
556
3309
8793
8802
9653
83
7779
322
405
7803
2824
8606
7266
3020
5136
7213
9253
9950
6037
7695
2157
389
2998
5227
6099
8666
7076
2644
8056
2584
2202
9960
4778
4192
681
9045
2101
8538
4433
5416
5895
4168
5388
5507
4924
4120
9973
506
2536
9287
7382
1995
1891
8220
7903
1160
878
4328
8978
2225
1411
6936
1818
5410
5947
4004
9212
6407
9290
8744
1142
872
9700
4940
8277
421
9363
2897
4802
8383
7792
4107
6588
5904
8735
2630
6945
1400
439
3382
3413
8981
3870
2751
2518
2286
9396
7773
278
9324
886
6369
2951
8166
5683
9769
8805
1879
5771
1307
7932
7294
1442
9166
8235
3522
